0: [[7, 35, 1, 2, 11], [5, 13, 3, 4, 30, 9, 14, 25, 29, 8, 31, 15, 18, 16, 27, 17, 10, 21, 6], [12, 19, 22, 23, 20, 26, 28, 24, 32, 42, 37, 40], [33, 38, 34, 36, 47, 39, 43, 45, 41, 44, 46, 51], [49, 52, 48, 54, 50, 53, 55, 56, 59, 57, 58, 60]]
1: [[7, 35, 1, 2, 11], [5, 13, 3, 4, 30, 9, 14, 24, 6, 12, 8, 10, 31, 15, 17, 29, 16, 21, 18], [22, 23, 19, 20, 26, 25, 27, 28, 32, 42, 37, 40], [33, 38, 34, 36, 47, 39, 43, 45, 41, 44, 46, 51], [49, 52, 48, 54, 50, 53, 55, 56, 59, 57, 58, 60]]
2: [[7, 35, 1, 2, 11], [5, 13, 3, 4, 30, 9, 14, 25, 21, 8, 27, 6, 19, 18, 10, 17, 26, 15, 16], [12, 20, 22, 31, 23, 29, 28, 24, 32, 42, 37, 40], [33, 38, 34, 36, 47, 39, 43, 45, 41, 44, 46, 51], [49, 52, 48, 54, 50, 53, 55, 56, 59, 57, 58, 60]]
3: [[7, 35, 1, 2, 11], [5, 13, 3, 4, 30, 9, 14, 24, 6, 10, 15, 29, 8, 26, 18, 12, 16, 21, 17], [19, 20, 27, 25, 22, 23, 28, 31, 32, 42, 37, 40], [33, 38, 34, 36, 47, 39, 43, 45, 41, 44, 46, 51], [49, 52, 48, 54, 50, 53, 55, 56, 59, 57, 58, 60]]
4: [[7, 35, 1, 2, 11], [5, 13, 3, 4, 30, 9, 14, 24, 6, 10, 8, 12, 18, 15, 17, 29, 16, 21, 26], [22, 23, 19, 20, 27, 25, 28, 31, 32, 42, 37, 40], [33, 38, 34, 36, 47, 39, 43, 45, 41, 44, 46, 51], [49, 52, 48, 54, 50, 53, 55, 56, 59, 57, 58, 60]]
5: [[7, 35, 1, 2, 11], [5, 13, 3, 4, 30, 9, 14, 24, 10, 6, 12, 15, 8, 31, 16, 17, 18, 21, 23], [20, 22, 19, 26, 27, 25, 28, 29, 32, 42, 37, 40], [33, 38, 34, 36, 47, 39, 43, 45, 41, 44, 46, 51], [49, 52, 48, 54, 50, 53, 55, 56, 59, 57, 58, 60]]
6: [[7, 35, 1, 2, 11], [5, 13, 3, 4, 30, 9, 14, 24, 10, 6, 12, 15, 8, 31, 16, 17, 18, 21, 23], [20, 22, 19, 26, 27, 25, 28, 29, 32, 42, 37, 40], [33, 38, 34, 36, 47, 39, 43, 45, 41, 44, 46, 51], [49, 52, 48, 54, 50, 53, 55, 56, 59, 57, 58, 60]]
7: [[7, 35, 1, 2, 11], [5, 13, 3, 4, 30, 9, 14, 24, 12, 8, 15, 31, 17, 18, 16, 23, 10, 21, 6], [20, 19, 22, 26, 25, 29, 27, 28, 32, 42, 37, 40], [33, 38, 34, 36, 47, 39, 43, 45, 41, 44, 46, 51], [49, 52, 48, 54, 50, 53, 55, 56, 59, 57, 58, 60]]
8: [[7, 35, 1, 2, 11], [5, 13, 3, 4, 30, 9, 14, 24, 6, 12, 10, 8, 23, 15, 18, 31, 17, 21, 16], [20, 22, 19, 29, 26, 25, 27, 28, 32, 42, 37, 40], [33, 38, 34, 36, 47, 39, 43, 45, 41, 44, 46, 51], [49, 52, 48, 54, 50, 53, 55, 56, 59, 57, 58, 60]]
9: [[7, 35, 1, 2, 11], [5, 13, 3, 4, 30, 9, 14, 24, 6, 8, 10, 12, 31, 15, 17, 27, 16, 21, 18], [20, 19, 22, 23, 26, 25, 29, 28, 32, 42, 37, 40], [33, 38, 34, 36, 47, 39, 43, 45, 41, 44, 46, 51], [49, 52, 48, 54, 50, 53, 55, 56, 59, 57, 58, 60]]
10: [[7, 35, 1, 2, 11], [5, 13, 3, 4, 30, 9, 14, 24, 6, 8, 10, 12, 31, 15, 17, 27, 16, 21, 18], [19, 23, 20, 22, 26, 25, 28, 29, 32, 42, 37, 40], [33, 38, 34, 36, 47, 39, 43, 45, 41, 44, 46, 51], [49, 52, 48, 54, 50, 53, 55, 56, 59, 57, 58, 60]]
11: [[7, 35, 1, 2, 11], [5, 13, 3, 4, 30, 9, 14, 24, 6, 12, 10, 8, 23, 15, 17, 27, 16, 21, 18], [19, 22, 20, 29, 26, 25, 31, 28, 32, 42, 37, 40], [33, 38, 34, 36, 47, 39, 43, 45, 41, 44, 46, 51], [49, 52, 48, 54, 50, 53, 55, 56, 59, 57, 58, 60]]
12: [[7, 35, 1, 2, 11], [5, 13, 3, 4, 30, 9, 14, 24, 6, 8, 12, 15, 21, 18, 10, 27, 23, 16, 17], [20, 22, 29, 19, 25, 26, 31, 28, 32, 42, 37, 40], [33, 38, 34, 36, 47, 39, 43, 45, 41, 44, 46, 51], [49, 52, 48, 54, 50, 53, 55, 56, 59, 57, 58, 60]]
13: [[7, 35, 1, 2, 11], [5, 13, 3, 4, 30, 9, 14, 24, 6, 10, 12, 8, 15, 27, 17, 23, 18, 16, 21], [20, 22, 19, 26, 28, 25, 31, 29, 32, 42, 37, 40], [33, 38, 34, 36, 47, 39, 43, 45, 41, 44, 46, 51], [49, 52, 48, 54, 50, 53, 55, 56, 59, 57, 58, 60]]
14: [[7, 35, 1, 2, 11], [5, 13, 3, 4, 30, 9, 14, 24, 6, 8, 10, 12, 15, 23, 18, 25, 17, 21, 16], [20, 26, 19, 31, 22, 28, 27, 29, 32, 42, 37, 40], [33, 38, 34, 36, 47, 39, 43, 45, 41, 44, 46, 51], [49, 52, 48, 54, 50, 53, 55, 56, 59, 57, 58, 60]]
15: [[7, 35, 1, 2, 11], [5, 13, 3, 4, 30, 9, 14, 24, 6, 10, 8, 15, 12, 25, 16, 27, 17, 21, 18], [19, 22, 20, 31, 23, 28, 26, 29, 32, 42, 37, 40], [33, 38, 34, 36, 47, 39, 43, 45, 41, 44, 46, 51], [49, 52, 48, 54, 50, 53, 55, 56, 59, 57, 58, 60]]
16: [[7, 35, 1, 2, 11], [5, 13, 3, 4, 30, 9, 14, 24, 6, 10, 8, 12, 16, 26, 15, 17, 18, 23, 21], [19, 22, 20, 25, 27, 31, 28, 29, 32, 42, 37, 40], [33, 38, 34, 36, 47, 39, 43, 45, 41, 44, 46, 51], [49, 52, 48, 54, 50, 53, 55, 56, 59, 57, 58, 60]]
17: [[7, 35, 1, 2, 11], [5, 13, 3, 4, 30, 9, 14, 24, 6, 12, 10, 8, 17, 26, 16, 21, 15, 18, 23], [28, 20, 19, 31, 22, 27, 29, 25, 32, 42, 37, 40], [33, 38, 34, 36, 47, 39, 43, 45, 41, 44, 46, 51], [49, 52, 48, 54, 50, 53, 55, 56, 59, 57, 58, 60]]
18: [[7, 35, 1, 2, 11], [5, 13, 3, 4, 30, 9, 14, 24, 6, 10, 8, 12, 15, 23, 18, 17, 26, 21, 16], [20, 19, 22, 25, 27, 29, 28, 31, 32, 42, 37, 40], [33, 38, 34, 36, 47, 39, 43, 45, 41, 44, 46, 51], [49, 52, 48, 54, 50, 53, 55, 56, 59, 57, 58, 60]]
19: [[7, 35, 1, 2, 11], [5, 13, 3, 4, 30, 9, 14, 24, 8, 12, 31, 15, 17, 18, 16, 26, 10, 21, 6], [20, 22, 23, 19, 27, 25, 28, 29, 32, 42, 37, 40], [33, 38, 34, 36, 47, 39, 43, 45, 41, 44, 46, 51], [49, 52, 48, 54, 50, 53, 55, 56, 59, 57, 58, 60]]
20: [[7, 35, 1, 2, 11], [5, 13, 3, 4, 30, 9, 14, 24, 12, 16, 10, 31, 6, 8, 26, 17, 15, 21, 18], [22, 20, 23, 28, 19, 27, 29, 25, 32, 42, 37, 40], [33, 38, 34, 36, 47, 39, 43, 45, 41, 44, 46, 51], [49, 52, 48, 54, 50, 53, 55, 56, 59, 57, 58, 60]]
21: [[7, 35, 1, 2, 11], [5, 13, 3, 4, 30, 9, 14, 24, 6, 8, 10, 12, 16, 15, 18, 17, 31, 21, 26], [22, 23, 20, 27, 19, 25, 28, 29, 32, 42, 37, 40], [33, 38, 34, 36, 47, 39, 43, 45, 41, 44, 46, 51], [49, 52, 48, 54, 50, 53, 55, 56, 59, 57, 58, 60]]
22: [[7, 35, 1, 2, 11], [5, 13, 3, 4, 30, 9, 14, 24, 6, 12, 8, 10, 17, 15, 18, 27, 21, 16, 26], [19, 22, 23, 20, 25, 28, 31, 29, 32, 42, 37, 40], [33, 38, 34, 36, 47, 39, 43, 45, 41, 44, 46, 51], [49, 52, 48, 54, 50, 53, 55, 56, 59, 57, 58, 60]]
23: [[7, 35, 1, 2, 11], [5, 13, 3, 4, 30, 9, 14, 24, 6, 10, 8, 12, 15, 27, 26, 21, 16, 17, 18], [22, 23, 20, 28, 19, 25, 31, 29, 32, 42, 37, 40], [33, 38, 34, 36, 47, 39, 43, 45, 41, 44, 46, 51], [49, 52, 48, 54, 50, 53, 55, 56, 59, 57, 58, 60]]
24: [[7, 35, 1, 2, 11], [5, 13, 3, 4, 30, 9, 14, 24, 6, 12, 10, 26, 15, 8, 18, 17, 16, 21, 27], [20, 22, 23, 28, 19, 25, 31, 29, 32, 42, 37, 40], [33, 38, 34, 36, 47, 39, 43, 45, 41, 44, 46, 51], [49, 52, 48, 54, 50, 53, 55, 56, 59, 57, 58, 60]]
25: [[7, 35, 1, 2, 11], [5, 13, 3, 4, 30, 9, 14, 25, 6, 28, 8, 10, 15, 27, 17, 18, 12, 21, 23], [20, 16, 19, 26, 22, 24, 29, 31, 32, 42, 37, 40], [33, 38, 34, 36, 47, 39, 43, 45, 41, 44, 46, 51], [49, 52, 48, 54, 50, 53, 55, 56, 59, 57, 58, 60]]
26: [[7, 35, 1, 2, 11], [5, 13, 3, 4, 30, 9, 14, 24, 6, 8, 10, 12, 31, 15, 18, 25, 26, 21, 16], [17, 22, 19, 27, 20, 23, 29, 28, 32, 42, 37, 40], [33, 38, 34, 36, 47, 39, 43, 45, 41, 44, 46, 51], [49, 52, 48, 54, 50, 53, 55, 56, 59, 57, 58, 60]]
27: [[7, 35, 1, 2, 11], [5, 13, 3, 4, 30, 9, 14, 25, 6, 8, 12, 10, 15, 27, 17, 26, 16, 21, 18], [19, 22, 20, 23, 24, 28, 29, 31, 32, 42, 37, 40], [33, 38, 34, 36, 47, 39, 43, 45, 41, 44, 46, 51], [49, 52, 48, 54, 50, 53, 55, 56, 59, 57, 58, 60]]
28: [[7, 35, 1, 2, 11], [5, 13, 3, 4, 30, 9, 14, 24, 6, 8, 10, 12, 29, 15, 19, 27, 16, 21, 18], [17, 22, 20, 23, 26, 25, 28, 31, 32, 42, 37, 40], [33, 38, 34, 36, 47, 39, 43, 45, 41, 44, 46, 51], [49, 52, 48, 54, 50, 53, 55, 56, 59, 57, 58, 60]]
29: [[7, 35, 1, 2, 11], [5, 13, 3, 4, 30, 9, 14, 24, 6, 8, 12, 15, 17, 16, 10, 31, 19, 21, 18], [20, 23, 29, 22, 25, 26, 27, 28, 32, 42, 37, 40], [33, 38, 34, 36, 47, 39, 43, 45, 41, 44, 46, 51], [49, 52, 48, 54, 50, 53, 55, 56, 59, 57, 58, 60]]
30: [[7, 35, 1, 2, 11], [5, 13, 3, 4, 30, 9, 14, 24, 6, 8, 10, 12, 31, 15, 18, 19, 17, 21, 16], [20, 23, 22, 28, 26, 25, 27, 29, 32, 42, 37, 40], [33, 38, 34, 36, 47, 39, 43, 45, 41, 44, 46, 51], [49, 52, 48, 54, 50, 53, 55, 56, 59, 57, 58, 60]]
31: [[7, 35, 1, 2, 11], [5, 13, 3, 4, 30, 9, 14, 24, 10, 8, 12, 6, 31, 19, 18, 17, 15, 21, 16], [20, 22, 29, 27, 26, 23, 25, 28, 32, 42, 37, 40], [33, 38, 34, 36, 47, 39, 43, 45, 41, 44, 46, 51], [49, 52, 48, 54, 50, 53, 55, 56, 59, 57, 58, 60]]
32: [[7, 35, 1, 2, 11], [5, 13, 3, 4, 30, 9, 14, 24, 6, 8, 10, 12, 15, 18, 16, 21, 31, 17, 19], [20, 22, 27, 23, 25, 28, 29, 26, 32, 42, 37, 40], [33, 38, 34, 36, 47, 39, 43, 45, 41, 44, 46, 51], [49, 52, 48, 54, 50, 53, 55, 56, 59, 57, 58, 60]]
33: [[7, 35, 1, 2, 11], [5, 13, 3, 4, 30, 9, 14, 24, 6, 10, 8, 12, 15, 19, 17, 31, 16, 21, 18], [20, 22, 26, 27, 23, 25, 29, 28, 32, 42, 37, 40], [33, 38, 34, 36, 47, 39, 43, 45, 41, 44, 46, 51], [49, 52, 48, 54, 50, 53, 55, 56, 59, 57, 58, 60]]
34: [[7, 35, 1, 2, 11], [5, 13, 3, 4, 30, 9, 14, 24, 6, 28, 10, 8, 15, 12, 19, 17, 16, 21, 18], [22, 20, 27, 23, 25, 26, 31, 29, 32, 42, 37, 40], [33, 38, 34, 36, 47, 39, 43, 45, 41, 44, 46, 51], [49, 52, 48, 54, 50, 53, 55, 56, 59, 57, 58, 60]]
35: [[7, 35, 1, 2, 11], [5, 13, 3, 4, 30, 9, 14, 24, 10, 8, 12, 15, 6, 17, 16, 23, 19, 21, 18], [20, 22, 25, 26, 31, 27, 29, 28, 32, 42, 37, 40], [33, 38, 34, 36, 47, 39, 43, 45, 41, 44, 46, 51], [49, 52, 48, 54, 50, 53, 55, 56, 59, 57, 58, 60]]
36: [[7, 35, 1, 2, 11], [5, 13, 3, 4, 30, 9, 14, 24, 6, 12, 8, 10, 15, 19, 18, 17, 16, 21, 23], [20, 26, 27, 22, 25, 31, 29, 28, 32, 42, 37, 40], [33, 38, 34, 36, 47, 39, 43, 45, 41, 44, 46, 51], [49, 52, 48, 54, 50, 53, 55, 56, 59, 57, 58, 60]]
37: [[7, 35, 1, 2, 11], [5, 13, 3, 4, 30, 9, 14, 24, 6, 10, 8, 12, 15, 19, 16, 23, 17, 21, 18], [20, 22, 25, 31, 27, 29, 26, 28, 32, 42, 37, 40], [33, 38, 34, 36, 47, 39, 43, 45, 41, 44, 46, 51], [49, 52, 48, 54, 50, 53, 55, 56, 59, 57, 58, 60]]
38: [[7, 35, 1, 2, 11], [5, 13, 3, 4, 30, 9, 14, 24, 6, 12, 8, 21, 10, 15, 16, 19, 18, 23, 17], [22, 20, 25, 27, 31, 26, 29, 28, 32, 42, 37, 40], [33, 38, 34, 36, 47, 39, 43, 45, 41, 44, 46, 51], [49, 52, 48, 54, 50, 53, 55, 56, 59, 57, 58, 60]]
39: [[7, 35, 1, 2, 11], [5, 13, 3, 4, 30, 9, 14, 24, 6, 8, 15, 12, 19, 16, 10, 27, 18, 21, 17], [20, 23, 31, 22, 25, 26, 28, 29, 32, 42, 37, 40], [33, 38, 34, 36, 47, 39, 43, 45, 41, 44, 46, 51], [49, 52, 48, 54, 50, 53, 55, 56, 59, 57, 58, 60]]
40: [[7, 35, 1, 2, 11], [5, 13, 3, 4, 30, 9, 14, 24, 6, 8, 12, 17, 15, 18, 10, 27, 16, 21, 19], [20, 23, 28, 22, 26, 25, 31, 29, 32, 42, 37, 40], [33, 38, 34, 36, 47, 39, 43, 45, 41, 44, 46, 51], [49, 52, 48, 54, 50, 53, 55, 56, 59, 57, 58, 60]]
41: [[7, 35, 1, 2, 11], [5, 13, 3, 4, 30, 9, 14, 24, 6, 12, 8, 10, 15, 16, 17, 27, 18, 21, 19], [20, 23, 22, 25, 26, 29, 28, 31, 32, 42, 37, 40], [33, 38, 34, 36, 47, 39, 43, 45, 41, 44, 46, 51], [49, 52, 48, 54, 50, 53, 55, 56, 59, 57, 58, 60]]
42: [[7, 35, 1, 2, 11], [5, 13, 3, 4, 30, 9, 14, 24, 6, 10, 8, 15, 12, 25, 16, 26, 17, 21, 27], [23, 22, 20, 18, 19, 29, 31, 28, 32, 42, 37, 40], [33, 38, 34, 36, 47, 39, 43, 45, 41, 44, 46, 51], [49, 52, 48, 54, 50, 53, 55, 56, 59, 57, 58, 60]]
43: [[7, 35, 1, 2, 11], [5, 13, 3, 4, 30, 9, 14, 24, 6, 10, 8, 12, 15, 21, 18, 19, 26, 17, 16], [23, 20, 22, 25, 27, 31, 28, 29, 32, 42, 37, 40], [33, 38, 34, 36, 47, 39, 43, 45, 41, 44, 46, 51], [49, 52, 48, 54, 50, 53, 55, 56, 59, 57, 58, 60]]
44: [[7, 35, 1, 2, 11], [5, 13, 3, 4, 30, 9, 14, 24, 6, 8, 26, 15, 12, 17, 10, 18, 16, 21, 19], [20, 23, 27, 25, 28, 29, 22, 31, 32, 42, 37, 40], [33, 38, 34, 36, 47, 39, 43, 45, 41, 44, 46, 51], [49, 52, 48, 54, 50, 53, 55, 56, 59, 57, 58, 60]]
45: [[7, 35, 1, 2, 11], [5, 13, 3, 4, 30, 9, 14, 24, 6, 8, 10, 12, 15, 19, 26, 17, 16, 21, 18], [20, 22, 27, 23, 25, 31, 29, 28, 32, 42, 37, 40], [33, 38, 34, 36, 47, 39, 43, 45, 41, 44, 46, 51], [49, 52, 48, 54, 50, 53, 55, 56, 59, 57, 58, 60]]
46: [[7, 35, 1, 2, 11], [5, 13, 3, 4, 30, 9, 14, 24, 6, 8, 10, 15, 21, 27, 12, 19, 17, 29, 16], [18, 20, 22, 31, 23, 25, 28, 26, 32, 42, 37, 40], [33, 38, 34, 36, 47, 39, 43, 45, 41, 44, 46, 51], [49, 52, 48, 54, 50, 53, 55, 56, 59, 57, 58, 60]]
47: [[7, 35, 1, 2, 11], [5, 13, 3, 4, 30, 9, 14, 24, 6, 8, 16, 10, 12, 15, 17, 27, 18, 21, 22], [20, 25, 19, 23, 26, 28, 31, 29, 32, 42, 37, 40], [33, 38, 34, 36, 47, 39, 43, 45, 41, 44, 46, 51], [49, 52, 48, 54, 50, 53, 55, 56, 59, 57, 58, 60]]
48: [[7, 35, 1, 2, 11], [5, 13, 3, 4, 30, 9, 14, 24, 6, 8, 12, 10, 15, 27, 16, 18, 22, 21, 17], [20, 23, 19, 26, 28, 25, 29, 31, 32, 42, 37, 40], [33, 38, 34, 36, 47, 39, 43, 45, 41, 44, 46, 51], [49, 52, 48, 54, 50, 53, 55, 56, 59, 57, 58, 60]]
49: [[7, 35, 1, 2, 11], [5, 13, 3, 4, 30, 9, 14, 24, 10, 8, 12, 6, 27, 17, 18, 21, 15, 22, 16], [20, 23, 29, 26, 31, 19, 25, 28, 32, 42, 37, 40], [33, 38, 34, 36, 47, 39, 43, 45, 41, 44, 46, 51], [49, 52, 48, 54, 50, 53, 55, 56, 59, 57, 58, 60]]
50: [[7, 35, 1, 2, 11], [5, 13, 3, 4, 30, 9, 14, 24, 6, 10, 12, 15, 21, 17, 16, 27, 8, 18, 22], [19, 20, 28, 23, 26, 25, 31, 29, 32, 42, 37, 40], [33, 38, 34, 36, 47, 39, 43, 45, 41, 44, 46, 51], [49, 52, 48, 54, 50, 53, 55, 56, 59, 57, 58, 60]]
51: [[7, 35, 1, 2, 11], [5, 13, 3, 4, 30, 9, 14, 24, 6, 26, 12, 15, 27, 8, 10, 16, 17, 21, 31], [18, 20, 23, 19, 28, 25, 22, 29, 32, 42, 37, 40], [33, 38, 34, 36, 47, 39, 43, 45, 41, 44, 46, 51], [49, 52, 48, 54, 50, 53, 55, 56, 59, 57, 58, 60]]
52: [[7, 35, 1, 2, 11], [5, 13, 3, 4, 30, 9, 14, 24, 6, 8, 16, 10, 12, 17, 15, 25, 18, 21, 19], [26, 20, 22, 28, 23, 27, 31, 29, 32, 42, 37, 40], [33, 38, 34, 36, 47, 39, 43, 45, 41, 44, 46, 51], [49, 52, 48, 54, 50, 53, 55, 56, 59, 57, 58, 60]]
53: [[7, 35, 1, 2, 11], [5, 13, 3, 4, 30, 9, 14, 24, 6, 8, 15, 12, 10, 27, 20, 17, 19, 21, 16], [18, 26, 31, 23, 22, 28, 25, 29, 32, 42, 37, 40], [33, 38, 34, 36, 47, 39, 43, 45, 41, 44, 46, 51], [49, 52, 48, 54, 50, 53, 55, 56, 59, 57, 58, 60]]
54: [[7, 35, 1, 2, 11], [5, 13, 3, 4, 30, 9, 14, 24, 6, 12, 28, 8, 25, 10, 18, 26, 15, 21, 17], [16, 22, 27, 19, 29, 20, 23, 31, 32, 42, 37, 40], [33, 38, 34, 36, 47, 39, 43, 45, 41, 44, 46, 51], [49, 52, 48, 54, 50, 53, 55, 56, 59, 57, 58, 60]]
55: [[7, 35, 1, 2, 11], [5, 13, 3, 4, 30, 9, 14, 24, 6, 8, 10, 26, 21, 12, 17, 31, 29, 15, 20], [22, 16, 18, 27, 23, 25, 19, 28, 32, 42, 37, 40], [33, 38, 34, 36, 47, 39, 43, 45, 41, 44, 46, 51], [49, 52, 48, 54, 50, 53, 55, 56, 59, 57, 58, 60]]
56: [[7, 35, 1, 2, 11], [5, 13, 3, 4, 30, 9, 14, 24, 6, 8, 10, 12, 15, 17, 16, 25, 22, 21, 18], [20, 23, 19, 31, 26, 29, 27, 28, 32, 42, 37, 40], [33, 38, 34, 36, 47, 39, 43, 45, 41, 44, 46, 51], [49, 52, 48, 54, 50, 53, 55, 56, 59, 57, 58, 60]]
57: [[7, 35, 1, 2, 11], [5, 13, 3, 4, 30, 9, 14, 25, 6, 8, 12, 10, 15, 18, 16, 21, 27, 17, 19], [28, 23, 20, 31, 24, 22, 29, 26, 32, 42, 37, 40], [33, 38, 34, 36, 47, 39, 43, 45, 41, 44, 46, 51], [49, 52, 48, 54, 50, 53, 55, 56, 59, 57, 58, 60]]
58: [[7, 35, 1, 2, 11], [5, 13, 3, 4, 30, 9, 14, 25, 12, 8, 15, 27, 16, 18, 17, 19, 10, 21, 6], [20, 23, 22, 26, 24, 29, 28, 31, 32, 42, 37, 40], [33, 38, 34, 36, 47, 39, 43, 45, 41, 44, 46, 51], [49, 52, 48, 54, 50, 53, 55, 56, 59, 57, 58, 60]]
59: [[7, 35, 1, 2, 11], [5, 13, 3, 4, 30, 9, 14, 25, 6, 12, 8, 10, 15, 19, 16, 21, 18, 23, 17], [20, 22, 24, 27, 26, 29, 31, 28, 32, 42, 37, 40], [33, 38, 34, 36, 47, 39, 43, 45, 41, 44, 46, 51], [49, 52, 48, 54, 50, 53, 55, 56, 59, 57, 58, 60]]
60: [[7, 35, 1, 2, 11], [5, 13, 3, 4, 30, 9, 14, 24, 8, 12, 15, 19, 16, 17, 18, 23, 22, 10, 21, 6], [20, 31, 25, 26, 29, 28, 27, 32, 42, 37, 40], [33, 38, 34, 36, 47, 39, 43, 45, 41, 44, 46, 51], [49, 52, 48, 54, 50, 53, 55, 56, 59, 57, 58, 60]]
61: [[7, 35, 1, 2, 11], [5, 13, 3, 4, 30, 9, 14, 25, 8, 12, 15, 10, 29, 19, 16, 21, 6, 18, 17], [28, 20, 22, 31, 26, 27, 24, 23, 32, 42, 37, 40], [33, 38, 34, 36, 47, 39, 43, 45, 41, 44, 46, 51], [49, 52, 48, 54, 50, 53, 55, 56, 59, 57, 58, 60]]
62: [[7, 35, 1, 2, 11], [5, 13, 3, 4, 30, 9, 14, 24, 10, 8, 15, 12, 19, 6, 16, 17, 26, 21, 20], [22, 23, 18, 27, 25, 28, 29, 31, 32, 42, 37, 40], [33, 38, 34, 36, 47, 39, 43, 45, 41, 44, 46, 51], [49, 52, 48, 54, 50, 53, 55, 56, 59, 57, 58, 60]]
63: [[7, 35, 1, 2, 11], [5, 13, 3, 4, 30, 9, 14, 24, 6, 10, 12, 8, 16, 15, 19, 20, 17, 21, 26], [18, 23, 22, 29, 27, 25, 28, 31, 32, 42, 37, 40], [33, 38, 34, 36, 47, 39, 43, 45, 41, 44, 46, 51], [49, 52, 48, 54, 50, 53, 55, 56, 59, 57, 58, 60]]
64: [[7, 35, 1, 2, 11], [5, 13, 3, 4, 30, 9, 14, 25, 6, 10, 12, 8, 18, 27, 16, 17, 15, 21, 22], [20, 19, 23, 24, 29, 28, 26, 31, 32, 42, 37, 40], [33, 38, 34, 36, 47, 39, 43, 45, 41, 44, 46, 51], [49, 52, 48, 54, 50, 53, 55, 56, 59, 57, 58, 60]]
65: [[7, 35, 1, 2, 11], [5, 13, 3, 4, 30, 9, 14, 24, 6, 12, 8, 10, 28, 31, 18, 25, 26, 21, 15], [19, 16, 17, 29, 20, 22, 23, 27, 32, 42, 37, 40], [33, 38, 34, 36, 47, 39, 43, 45, 41, 44, 46, 51], [49, 52, 48, 54, 50, 53, 55, 56, 59, 57, 58, 60]]
66: [[7, 35, 1, 2, 11], [5, 13, 3, 4, 30, 9, 14, 24, 6, 8, 10, 12, 25, 27, 15, 16, 17, 21, 19], [18, 22, 20, 28, 26, 23, 31, 29, 32, 42, 37, 40], [33, 38, 34, 36, 47, 39, 43, 45, 41, 44, 46, 51], [49, 52, 48, 54, 50, 53, 55, 56, 59, 57, 58, 60]]
67: [[7, 35, 1, 2, 11], [5, 13, 3, 4, 30, 9, 14, 25, 6, 12, 8, 15, 10, 27, 16, 19, 18, 21, 23], [17, 22, 20, 24, 26, 28, 29, 31, 32, 42, 37, 40], [33, 38, 34, 36, 47, 39, 43, 45, 41, 44, 46, 51], [49, 52, 48, 54, 50, 53, 55, 56, 59, 57, 58, 60]]
68: [[7, 35, 1, 2, 11], [5, 13, 3, 4, 30, 9, 14, 24, 8, 12, 10, 6, 31, 27, 17, 19, 15, 21, 16], [20, 22, 18, 23, 26, 29, 25, 28, 32, 42, 37, 40], [33, 38, 34, 36, 47, 39, 43, 45, 41, 44, 46, 51], [49, 52, 48, 54, 50, 53, 55, 56, 59, 57, 58, 60]]
69: [[7, 35, 1, 2, 11], [5, 13, 3, 4, 30, 9, 14, 25, 8, 6, 12, 15, 26, 16, 18, 17, 10, 21, 19], [22, 20, 23, 28, 24, 27, 31, 29, 32, 42, 37, 40], [33, 38, 34, 36, 47, 39, 43, 45, 41, 44, 46, 51], [49, 52, 48, 54, 50, 53, 55, 56, 59, 57, 58, 60]]
70: [[7, 35, 1, 2, 11], [5, 13, 3, 4, 30, 9, 14, 24, 6, 8, 10, 12, 15, 19, 16, 17, 20, 21, 18], [26, 23, 22, 27, 28, 31, 25, 29, 32, 42, 37, 40], [33, 38, 34, 36, 47, 39, 43, 45, 41, 44, 46, 51], [49, 52, 48, 54, 50, 53, 55, 56, 59, 57, 58, 60]]
71: [[7, 35, 1, 2, 11], [5, 13, 3, 4, 30, 9, 14, 25, 8, 6, 10, 12, 15, 27, 17, 28, 18, 21, 19], [22, 20, 23, 31, 26, 24, 16, 29, 32, 42, 37, 40], [33, 38, 34, 36, 47, 39, 43, 45, 41, 44, 46, 51], [49, 52, 48, 54, 50, 53, 55, 56, 59, 57, 58, 60]]
72: [[7, 35, 1, 2, 11], [5, 13, 3, 4, 30, 9, 14, 24, 6, 8, 10, 12, 31, 17, 18, 15, 16, 21, 20], [23, 22, 19, 27, 26, 29, 25, 28, 32, 42, 37, 40], [33, 38, 34, 36, 47, 39, 43, 45, 41, 44, 46, 51], [49, 52, 48, 54, 50, 53, 55, 56, 59, 57, 58, 60]]
73: [[7, 35, 1, 2, 11], [5, 13, 3, 4, 30, 9, 14, 24, 6, 8, 10, 12, 23, 15, 17, 25, 16, 21, 26], [18, 19, 20, 22, 27, 31, 28, 29, 32, 42, 37, 40], [33, 38, 34, 36, 47, 39, 43, 45, 41, 44, 46, 51], [49, 52, 48, 54, 50, 53, 55, 56, 59, 57, 58, 60]]
74: [[7, 35, 1, 2, 11], [5, 13, 3, 4, 30, 9, 14, 24, 6, 16, 10, 12, 15, 31, 18, 26, 8, 21, 20], [17, 28, 23, 25, 19, 22, 29, 27, 32, 42, 37, 40], [33, 38, 34, 36, 47, 39, 43, 45, 41, 44, 46, 51], [49, 52, 48, 54, 50, 53, 55, 56, 59, 57, 58, 60]]
75: [[7, 35, 1, 2, 11], [5, 13, 3, 4, 30, 9, 14, 24, 6, 10, 8, 12, 15, 26, 16, 25, 21, 17, 20], [22, 23, 27, 18, 19, 29, 28, 31, 32, 42, 37, 40], [33, 38, 34, 36, 47, 39, 43, 45, 41, 44, 46, 51], [49, 52, 48, 54, 50, 53, 55, 56, 59, 57, 58, 60]]
76: [[7, 35, 1, 2, 11], [5, 13, 3, 4, 30, 9, 14, 24, 8, 6, 10, 15, 23, 12, 26, 25, 16, 21, 27], [17, 28, 22, 31, 18, 19, 20, 29, 32, 42, 37, 40], [33, 38, 34, 36, 47, 39, 43, 45, 41, 44, 46, 51], [49, 52, 48, 54, 50, 53, 55, 56, 59, 57, 58, 60]]
77: [[7, 35, 1, 2, 11], [5, 13, 3, 4, 30, 9, 14, 25, 6, 24, 8, 10, 21, 26, 17, 23, 12, 15, 31], [28, 20, 19, 16, 22, 18, 29, 27, 32, 42, 37, 40], [33, 38, 34, 36, 47, 39, 43, 45, 41, 44, 46, 51], [49, 52, 48, 54, 50, 53, 55, 56, 59, 57, 58, 60]]
78: [[7, 35, 1, 2, 11], [5, 13, 3, 4, 30, 9, 14, 24, 8, 12, 15, 17, 19, 18, 22, 16, 10, 21, 6], [27, 20, 23, 26, 31, 25, 28, 29, 32, 42, 37, 40], [33, 38, 34, 36, 47, 39, 43, 45, 41, 44, 46, 51], [49, 52, 48, 54, 50, 53, 55, 56, 59, 57, 58, 60]]
79: [[7, 35, 1, 2, 11], [5, 13, 3, 4, 30, 9, 14, 24, 10, 12, 15, 8, 6, 17, 18, 19, 16, 21, 22], [20, 23, 27, 25, 26, 29, 31, 28, 32, 42, 37, 40], [33, 38, 34, 36, 47, 39, 43, 45, 41, 44, 46, 51], [49, 52, 48, 54, 50, 53, 55, 56, 59, 57, 58, 60]]
80: [[7, 35, 1, 2, 11], [5, 13, 3, 4, 30, 9, 14, 24, 6, 8, 10, 12, 16, 15, 18, 19, 17, 21, 22], [26, 23, 20, 27, 31, 25, 28, 29, 32, 42, 37, 40], [33, 38, 34, 36, 47, 39, 43, 45, 41, 44, 46, 51], [49, 52, 48, 54, 50, 53, 55, 56, 59, 57, 58, 60]]
81: [[7, 35, 1, 2, 11], [5, 13, 3, 4, 30, 9, 14, 24, 10, 12, 27, 6, 31, 23, 16, 25, 18, 21, 8], [20, 15, 17, 19, 22, 28, 26, 29, 32, 42, 37, 40], [33, 38, 34, 36, 47, 39, 43, 45, 41, 44, 46, 51], [49, 52, 48, 54, 50, 53, 55, 56, 59, 57, 58, 60]]
82: [[7, 35, 1, 2, 11], [5, 13, 3, 4, 30, 9, 14, 24, 12, 6, 10, 8, 27, 20, 15, 17, 18, 21, 25], [19, 26, 22, 23, 16, 31, 28, 29, 32, 42, 37, 40], [33, 38, 34, 36, 47, 39, 43, 45, 41, 44, 46, 51], [49, 52, 48, 54, 50, 53, 55, 56, 59, 57, 58, 60]]
83: [[7, 35, 1, 2, 11], [5, 13, 3, 4, 30, 9, 14, 24, 6, 12, 8, 10, 31, 27, 17, 15, 18, 21, 19], [23, 16, 20, 22, 25, 29, 28, 26, 32, 42, 37, 40], [33, 38, 34, 36, 47, 39, 43, 45, 41, 44, 46, 51], [49, 52, 48, 54, 50, 53, 55, 56, 59, 57, 58, 60]]
84: [[7, 35, 1, 2, 11], [5, 13, 3, 4, 30, 9, 14, 24, 6, 8, 10, 21, 12, 15, 19, 23, 31, 17, 18], [16, 20, 22, 25, 26, 27, 28, 29, 32, 42, 37, 40], [33, 38, 34, 36, 47, 39, 43, 45, 41, 44, 46, 51], [49, 52, 48, 54, 50, 53, 55, 56, 59, 57, 58, 60]]
85: [[7, 35, 1, 2, 11], [5, 13, 3, 4, 30, 9, 14, 24, 6, 10, 8, 12, 31, 15, 17, 19, 20, 21, 18], [16, 23, 22, 26, 29, 25, 27, 28, 32, 42, 37, 40], [33, 38, 34, 36, 47, 39, 43, 45, 41, 44, 46, 51], [49, 52, 48, 54, 50, 53, 55, 56, 59, 57, 58, 60]]
86: [[7, 35, 1, 2, 11], [5, 13, 3, 4, 30, 9, 14, 24, 6, 8, 10, 12, 15, 18, 20, 19, 16, 21, 23], [25, 22, 26, 31, 28, 27, 17, 29, 32, 42, 37, 40], [33, 38, 34, 36, 47, 39, 43, 45, 41, 44, 46, 51], [49, 52, 48, 54, 50, 53, 55, 56, 59, 57, 58, 60]]
87: [[7, 35, 1, 2, 11], [5, 13, 3, 4, 30, 9, 14, 24, 6, 12, 8, 10, 29, 31, 17, 27, 16, 21, 19], [20, 22, 15, 18, 23, 25, 28, 26, 32, 42, 37, 40], [33, 38, 34, 36, 47, 39, 43, 45, 41, 44, 46, 51], [49, 52, 48, 54, 50, 53, 55, 56, 59, 57, 58, 60]]
88: [[7, 35, 1, 2, 11], [5, 13, 3, 4, 30, 9, 14, 24, 12, 27, 15, 25, 17, 22, 8, 16, 10, 21, 6], [20, 23, 18, 19, 29, 31, 26, 28, 32, 42, 37, 40], [33, 38, 34, 36, 47, 39, 43, 45, 41, 44, 46, 51], [49, 52, 48, 54, 50, 53, 55, 56, 59, 57, 58, 60]]
89: [[7, 35, 1, 2, 11], [5, 13, 3, 4, 30, 9, 14, 24, 6, 8, 10, 12, 29, 27, 16, 25, 17, 21, 18], [15, 22, 19, 23, 31, 20, 28, 26, 32, 42, 37, 40], [33, 38, 34, 36, 47, 39, 43, 45, 41, 44, 46, 51], [49, 52, 48, 54, 50, 53, 55, 56, 59, 57, 58, 60]]
90: [[7, 35, 1, 2, 11], [5, 13, 3, 4, 30, 9, 14, 24, 6, 10, 8, 12, 31, 15, 16, 27, 17, 21, 22], [19, 23, 29, 18, 28, 20, 26, 25, 32, 42, 37, 40], [33, 38, 34, 36, 47, 39, 43, 45, 41, 44, 46, 51], [49, 52, 48, 54, 50, 53, 55, 56, 59, 57, 58, 60]]
91: [[7, 35, 1, 2, 11], [5, 13, 3, 4, 30, 9, 14, 24, 10, 28, 12, 8, 20, 15, 18, 17, 16, 21, 6], [19, 22, 23, 31, 26, 25, 27, 29, 32, 42, 37, 40], [33, 38, 34, 36, 47, 39, 43, 45, 41, 44, 46, 51], [49, 52, 48, 54, 50, 53, 55, 56, 59, 57, 58, 60]]
92: [[7, 35, 1, 2, 11], [5, 13, 3, 4, 30, 9, 14, 25, 6, 28, 10, 15, 12, 19, 17, 18, 8, 21, 22], [20, 16, 23, 24, 26, 27, 31, 29, 32, 42, 37, 40], [33, 38, 34, 36, 47, 39, 43, 45, 41, 44, 46, 51], [49, 52, 48, 54, 50, 53, 55, 56, 59, 57, 58, 60]]
93: [[7, 35, 1, 2, 11], [5, 13, 3, 4, 30, 9, 14, 24, 6, 12, 8, 10, 29, 15, 18, 27, 17, 21, 20], [16, 28, 19, 23, 22, 26, 31, 25, 32, 42, 37, 40], [33, 38, 34, 36, 47, 39, 43, 45, 41, 44, 46, 51], [49, 52, 48, 54, 50, 53, 55, 56, 59, 57, 58, 60]]
94: [[7, 35, 1, 2, 11], [5, 13, 3, 4, 30, 9, 14, 24, 6, 8, 12, 28, 31, 26, 16, 23, 10, 21, 15], [17, 19, 20, 18, 25, 22, 27, 29, 32, 42, 37, 40], [33, 38, 34, 36, 47, 39, 43, 45, 41, 44, 46, 51], [49, 52, 48, 54, 50, 53, 55, 56, 59, 57, 58, 60]]
95: [[7, 35, 1, 2, 11], [5, 13, 3, 4, 30, 9, 14, 25, 6, 12, 10, 8, 31, 15, 16, 27, 18, 21, 20], [28, 22, 19, 17, 26, 24, 23, 29, 32, 42, 37, 40], [33, 38, 34, 36, 47, 39, 43, 45, 41, 44, 46, 51], [49, 52, 48, 54, 50, 53, 55, 56, 59, 57, 58, 60]]
96: [[7, 35, 1, 2, 11], [5, 13, 3, 4, 30, 9, 14, 24, 6, 10, 12, 15, 20, 8, 18, 25, 16, 21, 17], [23, 19, 26, 31, 22, 27, 28, 29, 32, 42, 37, 40], [33, 38, 34, 36, 47, 39, 43, 45, 41, 44, 46, 51], [49, 52, 48, 54, 50, 53, 55, 56, 59, 57, 58, 60]]
97: [[7, 35, 1, 2, 11], [5, 13, 3, 4, 30, 9, 14, 24, 10, 22, 6, 12, 8, 31, 17, 16, 15, 21, 23], [20, 25, 19, 18, 27, 26, 28, 29, 32, 42, 37, 40], [33, 38, 34, 36, 47, 39, 43, 45, 41, 44, 46, 51], [49, 52, 48, 54, 50, 53, 55, 56, 59, 57, 58, 60]]
98: [[7, 35, 1, 2, 11], [5, 13, 3, 4, 30, 9, 14, 24, 6, 8, 12, 10, 31, 16, 23, 15, 19, 21, 17], [22, 20, 26, 29, 18, 25, 27, 28, 32, 42, 37, 40], [33, 38, 34, 36, 47, 39, 43, 45, 41, 44, 46, 51], [49, 52, 48, 54, 50, 53, 55, 56, 59, 57, 58, 60]]
99: [[7, 35, 1, 2, 11], [5, 13, 3, 4, 30, 9, 14, 24, 6, 12, 8, 10, 22, 19, 18, 25, 16, 21, 15], [17, 20, 26, 23, 27, 29, 28, 31, 32, 42, 37, 40], [33, 38, 34, 36, 47, 39, 43, 45, 41, 44, 46, 51], [49, 52, 48, 54, 50, 53, 55, 56, 59, 57, 58, 60]]
100: [[7, 35, 1, 2, 11], [5, 13, 3, 4, 30, 9, 14, 24, 12, 8, 15, 31, 18, 19, 20, 23, 10, 21, 6], [22, 17, 28, 16, 27, 25, 26, 29, 32, 42, 37, 40], [33, 38, 34, 36, 47, 39, 43, 45, 41, 44, 46, 51], [49, 52, 48, 54, 50, 53, 55, 56, 59, 57, 58, 60]]
101: [[7, 35, 1, 2, 11], [5, 13, 3, 4, 30, 9, 14, 25, 12, 26, 31, 8, 17, 18, 15, 22, 10, 21, 6], [20, 16, 23, 19, 24, 27, 28, 29, 32, 42, 37, 40], [33, 38, 34, 36, 47, 39, 43, 45, 41, 44, 46, 51], [49, 52, 48, 54, 50, 53, 55, 56, 59, 57, 58, 60]]
102: [[7, 35, 1, 2, 11], [5, 13, 3, 4, 30, 9, 14, 24, 6, 10, 8, 31, 20, 26, 12, 25, 15, 21, 18], [22, 17, 16, 19, 23, 27, 28, 29, 32, 42, 37, 40], [33, 38, 34, 36, 47, 39, 43, 45, 41, 44, 46, 51], [49, 52, 48, 54, 50, 53, 55, 56, 59, 57, 58, 60]]
103: [[7, 35, 1, 2, 11], [5, 13, 3, 4, 30, 9, 14, 24, 6, 10, 8, 12, 16, 23, 15, 17, 19, 21, 26], [20, 25, 22, 18, 27, 28, 31, 29, 32, 42, 37, 40], [33, 38, 34, 36, 47, 39, 43, 45, 41, 44, 46, 51], [49, 52, 48, 54, 50, 53, 55, 56, 59, 57, 58, 60]]
104: [[7, 35, 1, 2, 11], [5, 13, 3, 4, 30, 9, 14, 24, 8, 15, 10, 22, 28, 6, 17, 29, 26, 21, 12], [31, 18, 19, 16, 20, 23, 25, 27, 32, 42, 37, 40], [33, 38, 34, 36, 47, 39, 43, 45, 41, 44, 46, 51], [49, 52, 48, 54, 50, 53, 55, 56, 59, 57, 58, 60]]
105: [[7, 35, 1, 2, 11], [5, 13, 3, 4, 30, 9, 14, 24, 6, 12, 10, 8, 20, 15, 17, 23, 27, 21, 16], [19, 22, 18, 26, 28, 25, 29, 31, 32, 42, 37, 40], [33, 38, 34, 36, 47, 39, 43, 45, 41, 44, 46, 51], [49, 52, 48, 54, 50, 53, 55, 56, 59, 57, 58, 60]]
106: [[7, 35, 1, 2, 11], [5, 13, 3, 4, 30, 9, 14, 24, 6, 10, 8, 12, 15, 17, 16, 23, 19, 21, 20], [18, 26, 22, 27, 25, 29, 28, 31, 32, 42, 37, 40], [33, 38, 34, 36, 47, 39, 43, 45, 41, 44, 46, 51], [49, 52, 48, 54, 50, 53, 55, 56, 59, 57, 58, 60]]
107: [[7, 35, 1, 2, 11], [5, 13, 3, 4, 30, 9, 14, 24, 6, 10, 12, 8, 19, 26, 16, 23, 27, 21, 15], [28, 22, 17, 18, 20, 31, 25, 29, 32, 42, 37, 40], [33, 38, 34, 36, 47, 39, 43, 45, 41, 44, 46, 51], [49, 52, 48, 54, 50, 53, 55, 56, 59, 57, 58, 60]]
108: [[7, 35, 1, 2, 11], [5, 13, 3, 4, 30, 9, 14, 24, 6, 10, 12, 8, 15, 31, 16, 19, 17, 21, 22], [20, 18, 25, 23, 26, 27, 29, 28, 32, 42, 37, 40], [33, 38, 34, 36, 47, 39, 43, 45, 41, 44, 46, 51], [49, 52, 48, 54, 50, 53, 55, 56, 59, 57, 58, 60]]
109: [[7, 35, 1, 2, 11], [5, 13, 3, 4, 30, 9, 14, 24, 6, 28, 10, 12, 31, 15, 17, 19, 8, 21, 23], [16, 20, 18, 25, 22, 26, 27, 29, 32, 42, 37, 40], [33, 38, 34, 36, 47, 39, 43, 45, 41, 44, 46, 51], [49, 52, 48, 54, 50, 53, 55, 56, 59, 57, 58, 60]]
110: [[7, 35, 1, 2, 11], [5, 13, 3, 4, 30, 9, 14, 25, 6, 10, 12, 8, 29, 18, 16, 21, 15, 17, 20], [28, 22, 19, 31, 23, 27, 24, 26, 32, 42, 37, 40], [33, 38, 34, 36, 47, 39, 43, 45, 41, 44, 46, 51], [49, 52, 48, 54, 50, 53, 55, 56, 59, 57, 58, 60]]
111: [[7, 35, 1, 2, 11], [5, 13, 3, 4, 30, 9, 14, 24, 8, 26, 10, 29, 12, 6, 18, 15, 17, 21, 22], [19, 16, 20, 25, 23, 27, 28, 31, 32, 42, 37, 40], [33, 38, 34, 36, 47, 39, 43, 45, 41, 44, 46, 51], [49, 52, 48, 54, 50, 53, 55, 56, 59, 57, 58, 60]]
112: [[7, 35, 1, 2, 11], [5, 13, 3, 4, 30, 9, 14, 24, 6, 10, 8, 12, 15, 31, 20, 16, 18, 21, 22], [19, 27, 29, 17, 23, 26, 25, 28, 32, 42, 37, 40], [33, 38, 34, 36, 47, 39, 43, 45, 41, 44, 46, 51], [49, 52, 48, 54, 50, 53, 55, 56, 59, 57, 58, 60]]
113: [[7, 35, 1, 2, 11], [5, 13, 3, 4, 30, 9, 14, 24, 6, 26, 8, 12, 15, 27, 17, 19, 10, 21, 22], [20, 16, 18, 23, 29, 28, 25, 31, 32, 42, 37, 40], [33, 38, 34, 36, 47, 39, 43, 45, 41, 44, 46, 51], [49, 52, 48, 54, 50, 53, 55, 56, 59, 57, 58, 60]]
114: [[7, 35, 1, 2, 11], [5, 13, 3, 4, 30, 9, 14, 24, 6, 8, 10, 15, 12, 20, 16, 17, 18, 21, 22], [19, 23, 27, 26, 31, 25, 28, 29, 32, 42, 37, 40], [33, 38, 34, 36, 47, 39, 43, 45, 41, 44, 46, 51], [49, 52, 48, 54, 50, 53, 55, 56, 59, 57, 58, 60]]
115: [[7, 35, 1, 2, 11], [5, 13, 3, 4, 30, 9, 14, 24, 6, 12, 8, 10, 31, 27, 20, 17, 18, 21, 23], [15, 22, 16, 29, 19, 25, 26, 28, 32, 42, 37, 40], [33, 38, 34, 36, 47, 39, 43, 45, 41, 44, 46, 51], [49, 52, 48, 54, 50, 53, 55, 56, 59, 57, 58, 60]]
116: [[7, 35, 1, 2, 11], [5, 13, 3, 4, 30, 9, 14, 24, 6, 10, 8, 12, 16, 20, 31, 23, 26, 21, 27], [19, 15, 18, 17, 22, 25, 29, 28, 32, 42, 37, 40], [33, 38, 34, 36, 47, 39, 43, 45, 41, 44, 46, 51], [49, 52, 48, 54, 50, 53, 55, 56, 59, 57, 58, 60]]
117: [[7, 35, 1, 2, 11], [5, 13, 3, 4, 30, 9, 14, 25, 6, 12, 10, 26, 15, 8, 20, 18, 17, 21, 22], [24, 28, 19, 23, 16, 27, 29, 31, 32, 42, 37, 40], [33, 38, 34, 36, 47, 39, 43, 45, 41, 44, 46, 51], [49, 52, 48, 54, 50, 53, 55, 56, 59, 57, 58, 60]]
118: [[7, 35, 1, 2, 11], [5, 13, 3, 4, 30, 9, 14, 24, 6, 12, 8, 10, 19, 27, 16, 23, 15, 22, 18], [28, 20, 17, 21, 26, 25, 31, 29, 32, 42, 37, 40], [33, 38, 34, 36, 47, 39, 43, 45, 41, 44, 46, 51], [49, 52, 48, 54, 50, 53, 55, 56, 59, 57, 58, 60]]
119: [[7, 35, 1, 2, 11], [5, 13, 3, 4, 30, 9, 14, 24, 6, 12, 10, 8, 31, 15, 17, 16, 18, 23, 19], [20, 22, 21, 26, 27, 25, 28, 29, 32, 42, 37, 40], [33, 38, 34, 36, 47, 39, 43, 45, 41, 44, 46, 51], [49, 52, 48, 54, 50, 53, 55, 56, 59, 57, 58, 60]]
120: [[7, 35, 1, 2, 11], [5, 13, 3, 4, 30, 9, 14, 24, 6, 10, 12, 8, 15, 17, 16, 19, 22, 23, 18], [20, 21, 27, 31, 26, 25, 29, 28, 32, 42, 37, 40], [33, 38, 34, 36, 47, 39, 43, 45, 41, 44, 46, 51], [49, 52, 48, 54, 50, 53, 55, 56, 59, 57, 58, 60]]
121: [[7, 35, 1, 2, 11], [5, 13, 3, 4, 30, 9, 14, 24, 6, 8, 10, 12, 31, 15, 16, 29, 17, 18, 19], [20, 21, 27, 22, 23, 26, 28, 25, 32, 42, 37, 40], [33, 38, 34, 36, 47, 39, 43, 45, 41, 44, 46, 51], [49, 52, 48, 54, 50, 53, 55, 56, 59, 57, 58, 60]]
